
 Sensibility Analysis parameter: Taboo Search - First method - Tenure

 Problem: ABZ5

 Method : Single Parallel Taboo Search

 With the following fixed parameters:

	 Population size: 12
	 Neighborhood generation method: 0
	 Tenure: 8
	 Maximum number of iterations without upgrade: 100000

 Results:


          6       1238         6014623       1239

          1       1282
          2       1239
          3       1273
          4       1250
          5       1239
          6       1264
          7       1250
          8       1242
          9       1264
         10       1279
         11       1269
         12       1238

          7       1238         5784002       1214

          1       1238
          2       1238
          3       1243
          4       1247
          5       1250
          6       1249
          7       1249
          8       1239
          9       1250
         10       1242
         11       1238
         12       1249

          8       1239         6287593       1339

          1       1239
          2       1239
          3       1242
          4       1239
          5       1242
          6       1239
          7       1242
          8       1242
          9       1242
         10       1239
         11       1250
         12       1242

          9       1236         6614453       1373

          1       1239
          2       1249
          3       1243
          4       1239
          5       1236
          6       1236
          7       1239
          8       1242
          9       1236
         10       1244
         11       1239
         12       1244

         10       1238         8037730       1655

          1       1239
          2       1239
          3       1239
          4       1239
          5       1238
          6       1239
          7       1238
          8       1239
          9       1238
         10       1239
         11       1238
         12       1238

         11       1238         7265316       1502

          1       1239
          2       1239
          3       1239
          4       1239
          5       1239
          6       1238
          7       1239
          8       1238
          9       1239
         10       1239
         11       1240
         12       1238

         12       1236         7922654       1636

          1       1236
          2       1242
          3       1242
          4       1242
          5       1236
          6       1242
          7       1238
          8       1236
          9       1242
         10       1238
         11       1238
         12       1242

         13       1238         8356207       1728

          1       1238
          2       1238
          3       1239
          4       1238
          5       1238
          6       1242
          7       1239
          8       1239
          9       1243
         10       1239
         11       1239
         12       1238

         14       1238         8338273       1729

          1       1242
          2       1238
          3       1239
          4       1238
          5       1242
          6       1238
          7       1238
          8       1239
          9       1238
         10       1242
         11       1238
         12       1242

         15       1236        11746947       2447

          1       1236
          2       1238
          3       1236
          4       1236
          5       1236
          6       1236
          7       1236
          8       1236
          9       1243
         10       1236
         11       1236
         12       1236