
 Sensibility Analysis parameter: Hybrid Models - Number of cycles

 Problem: ABZ7

 Method : Hybrid Successive Application (100 cycles)


 First operator: Parallel Taboo Search

 With the following fixed parameters:

	 Population size: 12
	 Neighborhood generation method: N5
	 Tenure: 8
	 Maximum number of iterations without upgrade: 100


 Second operator: Similar Particle Swarm

 with the following fixed parameters:

	 Population size: 12
	 Crossover method: C1 with 1 floating point
	 Mutation method: M1
	 Mutation percentage: 20
	 Number of iterations: 1


 Results:


 Convergence Analysis:

    0	      1186
    1	       722
    2	       722
    3	       722
    4	       701
    5	       701
    6	       696
    7	       696
    8	       696
    9	       694
   10	       691
   11	       690
   12	       690
   13	       690
   14	       683
   15	       683
   16	       683
   17	       683
   18	       683
   19	       683
   20	       683
   21	       683
   22	       683
   23	       683
   24	       683
   25	       678
   26	       678
   27	       678
   28	       678
   29	       678
   30	       676
   31	       676
   32	       676
   33	       676
   34	       676
   35	       676
   36	       676
   37	       676
   38	       676
   39	       676
   40	       676
   41	       676
   42	       676
   43	       676
   44	       676
   45	       676
   46	       676
   47	       676
   48	       676
   49	       676
   50	       676
   51	       676
   52	       676
   53	       676
   54	       676
   55	       676
   56	       676
   57	       676
   58	       676
   59	       676
   60	       676
   61	       676
   62	       676
   63	       676
   64	       676
   65	       676
   66	       676
   67	       676
   68	       676
   69	       676
   70	       676
   71	       676
   72	       676
   73	       676
   74	       676
   75	       676
   76	       676
   77	       676
   78	       676
   79	       676
   80	       676
   81	       676
   82	       676
   83	       676
   84	       676
   85	       676
   86	       676
   87	       676
   88	       676
   89	       676
   90	       676
   91	       676
   92	       676
   93	       676
   94	       676
   95	       676
   96	       676
   97	       676
   98	       676
   99	       676
  100	       676

 Final results:

        100        676         1581810       2630

          1        676
          2        676
          3        685
          4        676
          5        865
          6        676
          7        708
          8       1035
          9        676
         10        682
         11        676
         12        695


 Convergence Analysis:

    0	      1186
    1	       722
    2	       719
    3	       710
    4	       710
    5	       710
    6	       709
    7	       708
    8	       708
    9	       708
   10	       708
   11	       705
   12	       700
   13	       698
   14	       698
   15	       698
   16	       698
   17	       696
   18	       696
   19	       696
   20	       693
   21	       692
   22	       692
   23	       683
   24	       682
   25	       682
   26	       682
   27	       682
   28	       682
   29	       682
   30	       682
   31	       682
   32	       682
   33	       682
   34	       682
   35	       682
   36	       679
   37	       677
   38	       677
   39	       677
   40	       677
   41	       677
   42	       676
   43	       676
   44	       676
   45	       676
   46	       676
   47	       676
   48	       676
   49	       676
   50	       676
   51	       676
   52	       676
   53	       676
   54	       676
   55	       675
   56	       675
   57	       675
   58	       671
   59	       671
   60	       671
   61	       671
   62	       671
   63	       671
   64	       671
   65	       671
   66	       671
   67	       671
   68	       671
   69	       671
   70	       671
   71	       671
   72	       671
   73	       671
   74	       671
   75	       671
   76	       671
   77	       671
   78	       671
   79	       671
   80	       671
   81	       671
   82	       671
   83	       671
   84	       671
   85	       668
   86	       668
   87	       668
   88	       668
   89	       668
   90	       668
   91	       668
   92	       668
   93	       668
   94	       668
   95	       668
   96	       668
   97	       668
   98	       668
   99	       668
  100	       668

 Final results:

        100        668         1584206       3155

          1        792
          2        668
          3        668
          4        697
          5        705
          6        668
          7        674
          8        668
          9        668
         10        668
         11        668
         12       1110


 Convergence Analysis:

    0	      1186
    1	       722
    2	       704
    3	       704
    4	       698
    5	       693
    6	       693
    7	       693
    8	       691
    9	       691
   10	       691
   11	       691
   12	       691
   13	       691
   14	       690
   15	       687
   16	       687
   17	       687
   18	       687
   19	       687
   20	       685
   21	       685
   22	       685
   23	       685
   24	       685
   25	       685
   26	       685
   27	       685
   28	       685
   29	       685
   30	       685
   31	       685
   32	       685
   33	       685
   34	       685
   35	       685
   36	       685
   37	       685
   38	       685
   39	       685
   40	       685
   41	       685
   42	       685
   43	       685
   44	       685
   45	       685
   46	       685
   47	       685
   48	       685
   49	       685
   50	       685
   51	       685
   52	       685
   53	       685
   54	       685
   55	       685
   56	       685
   57	       685
   58	       685
   59	       685
   60	       685
   61	       685
   62	       685
   63	       685
   64	       685
   65	       683
   66	       681
   67	       681
   68	       681
   69	       681
   70	       681
   71	       681
   72	       681
   73	       681
   74	       675
   75	       675
   76	       675
   77	       675
   78	       675
   79	       675
   80	       675
   81	       675
   82	       675
   83	       675
   84	       675
   85	       675
   86	       675
   87	       675
   88	       675
   89	       675
   90	       675
   91	       675
   92	       675
   93	       675
   94	       675
   95	       675
   96	       675
   97	       675
   98	       675
   99	       675
  100	       675

 Final results:

        100        675         1525743       3140

          1        867
          2        675
          3        733
          4        733
          5        675
          6        686
          7        675
          8       1155
          9        675
         10        685
         11        789
         12        675


 Convergence Analysis:

    0	      1186
    1	       722
    2	       715
    3	       715
    4	       707
    5	       707
    6	       707
    7	       702
    8	       699
    9	       698
   10	       698
   11	       698
   12	       698
   13	       698
   14	       698
   15	       698
   16	       698
   17	       695
   18	       694
   19	       694
   20	       694
   21	       694
   22	       694
   23	       693
   24	       693
   25	       693
   26	       693
   27	       693
   28	       693
   29	       693
   30	       693
   31	       690
   32	       689
   33	       687
   34	       684
   35	       684
   36	       684
   37	       684
   38	       684
   39	       684
   40	       684
   41	       684
   42	       684
   43	       684
   44	       684
   45	       682
   46	       682
   47	       682
   48	       682
   49	       682
   50	       682
   51	       682
   52	       682
   53	       682
   54	       682
   55	       682
   56	       682
   57	       682
   58	       682
   59	       682
   60	       682
   61	       682
   62	       682
   63	       682
   64	       682
   65	       682
   66	       682
   67	       682
   68	       682
   69	       682
   70	       682
   71	       682
   72	       682
   73	       682
   74	       682
   75	       682
   76	       682
   77	       682
   78	       682
   79	       682
   80	       682
   81	       682
   82	       682
   83	       682
   84	       682
   85	       682
   86	       682
   87	       682
   88	       682
   89	       682
   90	       682
   91	       682
   92	       682
   93	       682
   94	       682
   95	       682
   96	       682
   97	       679
   98	       679
   99	       679
  100	       679

 Final results:

        100        679         1517227       3061

          1        938
          2        689
          3        679
          4        844
          5        679
          6        679
          7        679
          8        754
          9        682
         10        679
         11        687
         12        690


 Convergence Analysis:

    0	      1186
    1	       722
    2	       721
    3	       709
    4	       708
    5	       708
    6	       708
    7	       704
    8	       704
    9	       704
   10	       704
   11	       698
   12	       698
   13	       698
   14	       694
   15	       685
   16	       685
   17	       685
   18	       685
   19	       685
   20	       685
   21	       685
   22	       685
   23	       685
   24	       685
   25	       685
   26	       685
   27	       685
   28	       685
   29	       685
   30	       685
   31	       685
   32	       685
   33	       685
   34	       685
   35	       685
   36	       685
   37	       685
   38	       685
   39	       685
   40	       685
   41	       685
   42	       685
   43	       685
   44	       685
   45	       685
   46	       685
   47	       685
   48	       685
   49	       682
   50	       682
   51	       682
   52	       682
   53	       682
   54	       682
   55	       682
   56	       682
   57	       682
   58	       682
   59	       682
   60	       682
   61	       682
   62	       682
   63	       682
   64	       682
   65	       682
   66	       682
   67	       682
   68	       682
   69	       682
   70	       682
   71	       682
   72	       682
   73	       682
   74	       682
   75	       682
   76	       682
   77	       682
   78	       682
   79	       682
   80	       682
   81	       682
   82	       682
   83	       682
   84	       682
   85	       682
   86	       682
   87	       682
   88	       682
   89	       682
   90	       682
   91	       682
   92	       682
   93	       681
   94	       680
   95	       680
   96	       680
   97	       680
   98	       680
   99	       680
  100	       680

 Final results:

        100        680         1612171       3158

          1        680
          2        688
          3        680
          4       1120
          5        680
          6        800
          7        680
          8        685
          9        683
         10        680
         11        789
         12        680

