
 Sensibility Analysis parameter: Hybrid Models - Number of cycles

 Problem: ABZ7

 Method : Hybrid Successive Application (100 cycles)


 First operator: Parallel Taboo Search

 With the following fixed parameters:

	 Population size: 12
	 Neighborhood generation method: N5
	 Tenure: 8
	 Maximum number of iterations without upgrade: 1000


 Second operator: Similar Particle Swarm

 with the following fixed parameters:

	 Population size: 12
	 Crossover method: C1 with 1 floating point
	 Mutation method: M1
	 Mutation percentage: 20
	 Number of iterations: 1


 Results:


 Convergence Analysis:

    0	      1186
    1	       690
    2	       682
    3	       675
    4	       675
    5	       675
    6	       672
    7	       672
    8	       671
    9	       671
   10	       667
   11	       667
   12	       667
   13	       667
   14	       667
   15	       667
   16	       667
   17	       667
   18	       667
   19	       667
   20	       667
   21	       667
   22	       667
   23	       667
   24	       667
   25	       667
   26	       667
   27	       667
   28	       667
   29	       667
   30	       667
   31	       667
   32	       667
   33	       667
   34	       667
   35	       667
   36	       667
   37	       667
   38	       667
   39	       667
   40	       667
   41	       667
   42	       667
   43	       667
   44	       667
   45	       667
   46	       667
   47	       667
   48	       667
   49	       667
   50	       667
   51	       667
   52	       667
   53	       667
   54	       667
   55	       667
   56	       667
   57	       667
   58	       667
   59	       667
   60	       667
   61	       667
   62	       667
   63	       667
   64	       667
   65	       667
   66	       667
   67	       667
   68	       667
   69	       667
   70	       667
   71	       667
   72	       667
   73	       667
   74	       667
   75	       667
   76	       667
   77	       667
   78	       667
   79	       667
   80	       667
   81	       667
   82	       667
   83	       667
   84	       667
   85	       667
   86	       667
   87	       667
   88	       667
   89	       667
   90	       667
   91	       667
   92	       667
   93	       667
   94	       667
   95	       667
   96	       667
   97	       667
   98	       667
   99	       667
  100	       667

 Final results:

        100        667        13009166      19373

          1        667
          2        667
          3        690
          4        667
          5        834
          6        667
          7        689
          8       1016
          9        667
         10        735
         11        667
         12        728


 Convergence Analysis:

    0	      1186
    1	       690
    2	       683
    3	       683
    4	       677
    5	       677
    6	       677
    7	       677
    8	       677
    9	       675
   10	       674
   11	       674
   12	       674
   13	       672
   14	       669
   15	       669
   16	       669
   17	       668
   18	       668
   19	       668
   20	       668
   21	       667
   22	       667
   23	       667
   24	       667
   25	       667
   26	       666
   27	       666
   28	       666
   29	       666
   30	       666
   31	       666
   32	       666
   33	       666
   34	       666
   35	       666
   36	       666
   37	       666
   38	       666
   39	       666
   40	       666
   41	       666
   42	       666
   43	       666
   44	       666
   45	       666
   46	       666
   47	       666
   48	       666
   49	       666
   50	       666
   51	       666
   52	       666
   53	       666
   54	       666
   55	       666
   56	       666
   57	       666
   58	       666
   59	       666
   60	       666
   61	       666
   62	       666
   63	       666
   64	       666
   65	       666
   66	       666
   67	       666
   68	       666
   69	       666
   70	       666
   71	       666
   72	       666
   73	       666
   74	       666
   75	       666
   76	       666
   77	       666
   78	       666
   79	       666
   80	       666
   81	       666
   82	       666
   83	       666
   84	       666
   85	       666
   86	       666
   87	       666
   88	       666
   89	       666
   90	       666
   91	       666
   92	       666
   93	       666
   94	       666
   95	       666
   96	       666
   97	       666
   98	       666
   99	       666
  100	       666

 Final results:

        100        666        13086521      21219

          1        889
          2        669
          3        666
          4        681
          5        683
          6        666
          7        666
          8        676
          9        666
         10        666
         11        666
         12        924


 Convergence Analysis:

    0	      1186
    1	       690
    2	       683
    3	       683
    4	       677
    5	       677
    6	       677
    7	       677
    8	       675
    9	       671
   10	       671
   11	       669
   12	       669
   13	       669
   14	       669
   15	       669
   16	       669
   17	       669
   18	       669
   19	       669
   20	       669
   21	       669
   22	       669
   23	       669
   24	       669
   25	       669
   26	       669
   27	       669
   28	       669
   29	       669
   30	       669
   31	       669
   32	       669
   33	       669
   34	       669
   35	       669
   36	       669
   37	       669
   38	       669
   39	       669
   40	       669
   41	       669
   42	       669
   43	       669
   44	       669
   45	       669
   46	       669
   47	       669
   48	       669
   49	       669
   50	       669
   51	       669
   52	       669
   53	       669
   54	       668
   55	       668
   56	       668
   57	       668
   58	       668
   59	       668
   60	       668
   61	       668
   62	       668
   63	       668
   64	       668
   65	       668
   66	       668
   67	       668
   68	       668
   69	       668
   70	       668
   71	       668
   72	       668
   73	       668
   74	       668
   75	       668
   76	       668
   77	       668
   78	       668
   79	       668
   80	       668
   81	       668
   82	       668
   83	       668
   84	       668
   85	       668
   86	       668
   87	       668
   88	       668
   89	       668
   90	       668
   91	       668
   92	       668
   93	       668
   94	       668
   95	       668
   96	       668
   97	       668
   98	       668
   99	       668
  100	       668

 Final results:

        100        668        12186571      18621

          1        933
          2        668
          3        700
          4        674
          5        668
          6        685
          7        675
          8       1166
          9        675
         10        677
         11        719
         12        668


 Convergence Analysis:

    0	      1186
    1	       690
    2	       686
    3	       685
    4	       683
    5	       679
    6	       678
    7	       675
    8	       673
    9	       672
   10	       672
   11	       672
   12	       672
   13	       672
   14	       672
   15	       672
   16	       672
   17	       671
   18	       671
   19	       671
   20	       671
   21	       671
   22	       671
   23	       671
   24	       671
   25	       671
   26	       671
   27	       671
   28	       671
   29	       671
   30	       671
   31	       671
   32	       671
   33	       671
   34	       671
   35	       671
   36	       671
   37	       671
   38	       671
   39	       671
   40	       671
   41	       671
   42	       671
   43	       671
   44	       671
   45	       671
   46	       671
   47	       671
   48	       671
   49	       671
   50	       671
   51	       671
   52	       671
   53	       671
   54	       671
   55	       671
   56	       671
   57	       671
   58	       671
   59	       671
   60	       671
   61	       671
   62	       671
   63	       669
   64	       669
   65	       669
   66	       669
   67	       669
   68	       669
   69	       669
   70	       669
   71	       669
   72	       669
   73	       669
   74	       669
   75	       669
   76	       669
   77	       669
   78	       669
   79	       669
   80	       669
   81	       669
   82	       669
   83	       669
   84	       669
   85	       669
   86	       669
   87	       669
   88	       669
   89	       669
   90	       669
   91	       669
   92	       669
   93	       669
   94	       669
   95	       669
   96	       669
   97	       669
   98	       669
   99	       669
  100	       668

 Final results:

        100        668        12049343      18087

          1        997
          2        669
          3        671
          4        889
          5        668
          6        678
          7        673
          8        729
          9        781
         10        669
         11        696
         12        671


 Convergence Analysis:

    0	      1186
    1	       690
    2	       686
    3	       684
    4	       684
    5	       673
    6	       673
    7	       673
    8	       673
    9	       673
   10	       673
   11	       673
   12	       673
   13	       673
   14	       673
   15	       673
   16	       673
   17	       673
   18	       673
   19	       671
   20	       671
   21	       671
   22	       671
   23	       671
   24	       671
   25	       671
   26	       671
   27	       671
   28	       671
   29	       671
   30	       671
   31	       671
   32	       671
   33	       671
   34	       671
   35	       671
   36	       671
   37	       671
   38	       671
   39	       671
   40	       671
   41	       671
   42	       671
   43	       671
   44	       671
   45	       671
   46	       671
   47	       671
   48	       671
   49	       671
   50	       671
   51	       671
   52	       671
   53	       671
   54	       671
   55	       671
   56	       671
   57	       671
   58	       671
   59	       671
   60	       671
   61	       671
   62	       671
   63	       671
   64	       671
   65	       671
   66	       668
   67	       668
   68	       668
   69	       668
   70	       668
   71	       668
   72	       668
   73	       668
   74	       668
   75	       668
   76	       668
   77	       668
   78	       668
   79	       668
   80	       668
   81	       668
   82	       668
   83	       668
   84	       668
   85	       668
   86	       668
   87	       668
   88	       668
   89	       668
   90	       668
   91	       668
   92	       668
   93	       668
   94	       668
   95	       668
   96	       668
   97	       668
   98	       668
   99	       668
  100	       668

 Final results:

        100        668        12569234      19239

          1        668
          2        681
          3        692
          4       1048
          5        778
          6        791
          7        668
          8        700
          9        724
         10        711
         11        685
         12        710

