
 Sensibility Analysis parameter: Similar Particle Swarm - First method - Mutation percent

 Problem: ABZ5

 Method : Hybrid Neighborhood (10 cycles)

 with Similar Particle Swarm with the following fixed parameters:

	 Population size: 12
	 Crossover method: 0
	 Mutation method: 0
	 Mutation percentage: 20
	 Maximum number of iterations: 1

 and Parallel Taboo Search with the following fixed parameters:

	 Population size: 12
	 Neighborhood generation method: 0
	 Tenure: 8
	 Maximum number of iterations without upgrade: 10000

 Results:


          0       1236         6421668       1314
          0       1238         6643273       1358
          0       1239         6485131       1337
          0       1238         6430220       1319
          0       1238         6714823       1370
         10       1238         6849945       1418
         10       1238         6710386       1380
         10       1236         6513948       1341
         10       1238         6707751       1377
         10       1238         6595126       1348
         20       1238         6688106       1380
         20       1238         6834011       1409
         20       1238         6912027       1423
         20       1238         6934925       1428
         20       1238         7035695       1445
         30       1238         6878725       1410
         30       1239         6844253       1408
         30       1238         6660074       1387
         30       1238         6891022       1410
         30       1238         6670278       1371
         40       1238         6940731       1440
         40       1238         6763130       1383
         40       1238         6982271       1436
         40       1238         6771749       1397
         40       1238         7081791       1476
         50       1238         7002860       1444
         50       1238         6817873       1400
         50       1236         7100592       1471
         50       1238         7076496       1450
         50       1236         7044267       1448
         60       1238         7205141       1479
         60       1238         7315053       1498
         60       1238         7317552       1502
         60       1236         6947452       1427
         60       1238         6932691       1426
         70       1238         7005084       1445
         70       1236         6973818       1428
         70       1238         7245972       1501
         70       1236         6818440       1403
         70       1236         7011368       1462
         80       1236         7217891       1491
         80       1238         7204021       1487
         80       1238         7241597       1496
         80       1236         7268026       1493
         80       1236         7479630       1551
         90       1238         7305504       1499
         90       1238         7259767       1491
         90       1238         7121771       1465
         90       1238         7216390       1486
         90       1238         7027446       1449
        100       1238         7297542       1503
        100       1238         7048891       1451
        100       1238         7319051       1511
        100       1238         7280982       1493
        100       1238         7323414       1509