
 Sensibility Analysis parameter: Similar Particle Swarm - Second method - Mutation percent

 Problem: ABZ5

 Method : Hybrid Neighborhood (10 cycles)

 with Parallel Taboo Search with the following fixed parameters:

	 Population size: 12
	 Neighborhood generation method: 0
	 Tenure: 8
	 Maximum number of iterations without upgrade: 10000

 and Similar Particle Swarm with the following fixed parameters:

	 Population size: 12
	 Crossover method: 0
	 Mutation method: 0
	 Mutation percentage: 20
	 Maximum number of iterations: 1

 Results:


          0       1238         6745250       1396
          0       1238         6653496       1359
          0       1239         6334695       1305
          0       1238         6861799       1409
          0       1238         6803934       1415
         10       1238         6743018       1385
         10       1238         6528110       1335
         10       1236         6747447       1379
         10       1238         6833394       1406
         10       1236         6500055       1336
         20       1238         7126795       1468
         20       1238         7055463       1454
         20       1238         6770388       1384
         20       1238         6906625       1445
         20       1238         6642730       1354
         30       1238         6987176       1442
         30       1238         7003879       1433
         30       1238         6766504       1398
         30       1236         7054184       1466
         30       1238         7088585       1456
         40       1236         6999524       1425
         40       1236         6987345       1442
         40       1238         6882166       1413
         40       1238         7029230       1454
         40       1238         7188740       1484
         50       1238         7091616       1462
         50       1238         6901943       1417
         50       1238         6938335       1430
         50       1238         7037480       1447
         50       1238         6854411       1403
         60       1236         6961133       1421
         60       1238         6931873       1432
         60       1238         6978500       1430
         60       1238         6993487       1438
         60       1238         7220000       1490
         70       1236         7411404       1533
         70       1238         7111471       1465
         70       1238         7148603       1477
         70       1238         6838697       1406
         70       1238         7137416       1468
         80       1236         7044178       1441
         80       1238         7287391       1506
         80       1238         7003756       1441
         80       1238         7294916       1512
         80       1238         7089454       1449
         90       1236         7460265       1529
         90       1238         7263576       1500
         90       1238         7360563       1514
         90       1236         7259470       1487
         90       1238         7295998       1508
        100       1238         7250327       1494
        100       1234         7377937       1510
        100       1238         7350238       1511
        100       1238         7444852       1532
        100       1238         7355052       1513