
 Sensibility Analysis parameter: Taboo Search - First method - Tenure

 Problem: ABZ9

 Method : Single Parallel Taboo Search

 With the following fixed parameters:

	 Population size: 12
	 Neighborhood generation method: N5
	 Tenure: 8
	 Maximum number of iterations without upgrade: 100000


 Results:

          6        701         9800713       4892

          1        759
          2        766
          3        719
          4        782
          5        743
          6        741
          7        730
          8        761
          9        701
         10        710
         11        720
         12        743

          7        696         9841819       4897

          1        795
          2        696
          3        722
          4        719
          5        700
          6        744
          7        709
          8        705
          9        754
         10        776
         11        797
         12        711

          8        691        15316376       7528

          1        701
          2        700
          3        691
          4        692
          5        696
          6        700
          7        715
          8        705
          9        724
         10        704
         11        706
         12        703

          9        689        15416949       7584

          1        691
          2        701
          3        691
          4        695
          5        823
          6        697
          7        703
          8        696
          9        704
         10        691
         11        692
         12        689

         10        691        19492841       9513

          1        692
          2        697
          3        702
          4        699
          5        694
          6        691
          7        692
          8        691
          9        694
         10        692
         11        698
         12        691

         11        689        17771649       8682

          1        692
          2        698
          3        696
          4        689
          5        695
          6        700
          7        698
          8        692
          9        699
         10        697
         11        700
         12        691

         12        691        21786964      10639

          1        696
          2        692
          3        695
          4        698
          5        691
          6        693
          7        697
          8        691
          9        697
         10        696
         11        698
         12        696

         13        691        18344690       9058

          1        699
          2        698
          3        693
          4        695
          5        691
          6        691
          7        691
          8        696
          9        732
         10        695
         11        693
         12        695

         14        688        19409433       9514

          1        700
          2        691
          3        688
          4        696
          5        700
          6        700
          7        696
          8        698
          9        691
         10        702
         11        700
         12        700

         15        691        21015264      10269

          1        697
          2        695
          3        697
          4        698
          5        699
          6        693
          7        694
          8        706
          9        691
         10        696
         11        697
         12        697

