
 Sensibility Analysis parameter: Taboo Search - First method - Maximun number of iterations without upgrade

 Problem: ABZ6

 Method : Single Parallel Particle Collision

 Results:


         10        948          174243         37
         10        958          175105         36
         10        951          172870         37
         10        945          173770         36
         10        948          172093         36
        100        945          948142        197
        100        945          972616        202
        100        943          954672        198
        100        945          942245        195
        100        945          929711        193
       1000        945         7201229       1485
       1000        943         6991412       1444
       1000        943         7080278       1460
       1000        945         7226968       1491
       1000        943         7161846       1477
      10000        943        58805895      12124
      10000        943        59878469      12370
      10000        943        57994601      11960
      10000        943        58782864      12139
      10000        943        58507722      12072
