
 Sensibility Analysis parameter: Taboo Search - First method - Tenure

 Problem: ABZ8

 Method : Single Parallel Taboo Search

 With the following fixed parameters:

	 Population size: 12
	 Neighborhood generation method: N5
	 Tenure: 8
	 Maximum number of iterations without upgrade: 100000


 Results:

          6        692        10060503       5003

          1        722
          2        692
          3        697
          4        693
          5        714
          6        696
          7        760
          8        701
          9        703
         10        695
         11        704
         12        711

          7        682        10158215       5085

          1        720
          2        691
          3        719
          4        698
          5        693
          6        692
          7        701
          8        697
          9        683
         10        686
         11        682
         12        698

          8        675        14104400       7019

          1        696
          2        685
          3        693
          4        685
          5        680
          6        675
          7        703
          8        683
          9        681
         10        687
         11        693
         12        681

          9        681        14468326       7162

          1        682
          2        682
          3        697
          4        695
          5        691
          6        681
          7        683
          8        682
          9        710
         10        687
         11        683
         12        682

         10        680        14543705       7211

          1        688
          2        686
          3        682
          4        684
          5        680
          6        682
          7        686
          8        689
          9        682
         10        687
         11        680
         12        688

         11        682        18456839       9145

          1        685
          2        683
          3        684
          4        684
          5        687
          6        682
          7        688
          8        687
          9        684
         10        693
         11        688
         12        686

         12        681        18595992       9205

          1        684
          2        684
          3        683
          4        691
          5        688
          6        687
          7        683
          8        689
          9        681
         10        690
         11        686
         12        685

         13        682        15643196       7737

          1        687
          2        682
          3        689
          4        691
          5        694
          6        686
          7        683
          8        690
          9        691
         10        687
         11        692
         12        686

         14        677        18320165       9122

          1        684
          2        686
          3        677
          4        690
          5        692
          6        689
          7        686
          8        682
          9        682
         10        690
         11        686
         12        682

         15        682        16635182       8237

          1        690
          2        692
          3        685
          4        684
          5        683
          6        687
          7        686
          8        689
          9        682
         10        692
         11        686
         12        692

