
 Sensibility Analysis parameter: Taboo Search - First method - Maximun number of iterations without upgrade

 Problem: ABZ5

 Method : Single Parallel Particle Collision

 Results:


         10       1250          184438         39
         10       1248          182722         37
         10       1248          179620         38
         10       1247          180927         37
         10       1248          184892         38
        100       1236          974874        201
        100       1234          961630        197
        100       1236          998517        204
        100       1238          996874        205
        100       1236          981228        201
       1000       1234         7538930       1549
       1000       1236         7529790       1551
       1000       1234         7541145       1551
       1000       1236         7429646       1526
       1000       1234         7569690       1557
      10000       1236        62496671      13033
      10000       1236        62116057      12963
      10000       1234        62585555      13064
      10000       1236        61003569      12738
      10000       1236        61700248      12860
