
 Sensibility Analysis parameter: Taboo Search - First method - Maximun number of iterations without upgrade

 Problem: ABZ6

 Method : Single Parallel Particle Collision

 Results:


        100        947          104145         21
        100        945           94699         20
        100        945           96970         20
        100        945           95677         20
        100        945          102936         21
       1000        945          764840        158
       1000        945          697299        144
       1000        945          735495        152
       1000        943          739774        152
       1000        945          720886        149
      10000        945         6242376       1288
      10000        945         5966540       1231
      10000        943         6191070       1281
      10000        945         5848297       1205
      10000        945         5800401       1196
     100000        943        50614280      10434
     100000        945        45189634       9307
     100000        945        41997663       8670
     100000        945        50959960      10510
     100000        945        50580783      10478
