
 Sensibility Analysis parameter: Taboo Search - First method - Tenure

 Problem: FT10

 Method : Single Parallel Taboo Search

 With the following fixed parameters:

	 Population size: 12
	 Neighborhood generation method: 0
	 Tenure: 8
	 Maximum number of iterations without upgrade: 10000

 Results:


          6        948          812764        173

          1        971
          2        948
          3        954
          4        980
          5       1031
          6        968
          7        958
          8        956
          9        969
         10       1023
         11        969
         12       1013

          7        940          970768        208

          1        951
          2        945
          3        972
          4        963
          5        940
          6       1041
          7        954
          8        953
          9        983
         10        962
         11        940
         12       1023

          8        937         1188350        253

          1        990
          2        948
          3        940
          4        945
          5        944
          6        949
          7        940
          8        951
          9        937
         10        944
         11        946
         12        946

          9        934         1078551        229

          1        949
          2        945
          3        945
          4        934
          5        945
          6        966
          7        954
          8        951
          9        949
         10        951
         11        958
         12        940

         10        938         1144119        244

          1        961
          2        943
          3        938
          4        953
          5        946
          6        960
          7        963
          8        940
          9        948
         10        948
         11        973
         12        948

         11        938         1375666        292

          1        943
          2        954
          3        938
          4        956
          5        950
          6        951
          7        948
          8        940
          9        949
         10        952
         11        948
         12        948

         12        939         1175052        250

          1        949
          2        951
          3        954
          4        952
          5        955
          6        951
          7        965
          8        947
          9        954
         10        939
         11        948
         12        951

         13        934         1198783        255

          1        958
          2        951
          3        934
          4        955
          5        946
          6        945
          7        942
          8        952
          9        961
         10        957
         11        956
         12        949

         14        935         1187447        252

          1        964
          2        935
          3        942
          4        950
          5        951
          6        955
          7        949
          8        951
          9        954
         10        954
         11        966
         12        967

         15        948         1165045        248

          1        958
          2        952
          3        965
          4        958
          5        961
          6        967
          7        948
          8        955
          9        951
         10        954
         11        956
         12        954