
 Sensibility Analysis parameter: Taboo Search - First method - Tenure

 Problem: FT10

 Method : Single Parallel Particle Collision

 With the following fixed parameters:

	 Population size: 12
	 Perturbation method: M1
	 Exploitation method: Taboo Search

	 With the following fixed parameters:

		 Neighborhood generation method: 0
		 Tenure: 8
		 Maximum number of iterations without upgrade: 10000

	 Maximum number of iterations: 10

 Results:


          6        935         6072615       1277
          6        934         5638652       1184
          6        940         5749370       1215
          6        934         5435878       1141
          6        937         5909775       1242
          7        934         6401901       1345
          7        930         6232552       1315
          7        930         6227532       1297
          7        930         6417864       1347
          7        930         5912536       1239
          8        930         7292540       1526
          8        930         8090084       1692
          8        930         7072673       1479
          8        934         7695122       1604
          8        935         7856376       1639
          9        930         8330989       1745
          9        934         9126795       1912
          9        930         8321374       1740
          9        934         8259361       1728
          9        935         7766867       1623
         10        934         8617245       1807
         10        930         9208571       1935
         10        930         7204848       1510
         10        934         8320399       1739
         10        934         8402448       1756
         11        934         8582415       1794
         11        930         8161062       1707
         11        934         8461672       1769
         11        930         8847463       1852
         11        930         7088955       1486
         12        930         8249595       1730
         12        930         8560952       1792
         12        930         8897943       1860
         12        934         8255265       1728
         12        930         8270720       1731
         13        937         7892420       1654
         13        934         7889466       1663
         13        935         7635717       1603
         13        930         7892716       1656
         13        935         7301961       1532
         14        935         8638054       1818
         14        930         8082139       1700
         14        930         8449732       1773
         14        934         9340572       1959
         14        934         7670307       1612
         15        934         8575188       1806
         15        930         8641949       1816
         15        935         8760342       1847
         15        930         8233188       1732
         15        930         8213942       1728