
 Sensibility Analysis parameter: Taboo Search - First method - Tenure

 Problem: FT20

 Method : Single Parallel Taboo Search

 With the following fixed parameters:

	 Population size: 12
	 Neighborhood generation method: 0
	 Tenure: 8
	 Maximum number of iterations without upgrade: 10000

 Results:


          6       1178          491126        103

          1       1178
          2       1199
          3       1211
          4       1215
          5       1191
          6       1199
          7       1185
          8       1182
          9       1200
         10       1198
         11       1258
         12       1182

          7       1175          497273        109

          1       1178
          2       1181
          3       1178
          4       1289
          5       1175
          6       1175
          7       1178
          8       1207
          9       1191
         10       1180
         11       1199
         12       1180

          8       1165          446831         99

          1       1177
          2       1175
          3       1197
          4       1178
          5       1196
          6       1165
          7       1175
          8       1189
          9       1193
         10       1177
         11       1219
         12       1178

          9       1165          441688        102

          1       1178
          2       1186
          3       1178
          4       1178
          5       1188
          6       1165
          7       1190
          8       1171
          9       1178
         10       1180
         11       1165
         12       1178

         10       1165          450066        109

          1       1180
          2       1185
          3       1178
          4       1174
          5       1192
          6       1165
          7       1175
          8       1175
          9       1180
         10       1180
         11       1215
         12       1182

         11       1168          425401         97

          1       1177
          2       1175
          3       1178
          4       1178
          5       1170
          6       1173
          7       1185
          8       1168
          9       1180
         10       1178
         11       1178
         12       1178

         12       1165          449002        111

          1       1178
          2       1182
          3       1172
          4       1173
          5       1170
          6       1175
          7       1177
          8       1165
          9       1178
         10       1182
         11       1165
         12       1180

         13       1165          426632        104

          1       1177
          2       1175
          3       1178
          4       1165
          5       1176
          6       1173
          7       1177
          8       1174
          9       1188
         10       1174
         11       1175
         12       1182

         14       1165          382174         93

          1       1178
          2       1176
          3       1178
          4       1192
          5       1165
          6       1173
          7       1175
          8       1178
          9       1165
         10       1227
         11       1176
         12       1180

         15       1165          347418         84

          1       1178
          2       1189
          3       1173
          4       1178
          5       1165
          6       1178
          7       1177
          8       1172
          9       1178
         10       1178
         11       1178
         12       1178