
 Sensibility Analysis parameter: Taboo Search - First method - Maximun number of iterations without upgrade

 Problem: FT20

 Method : Single Parallel Taboo Search

 With the following fixed parameters:

	 Population size: 12
	 Neighborhood generation method: N5
	 Tenure: 8
	 Maximum number of iterations without upgrade: 100


 Results:

        100       1182           20634          4

          1       1224
          2       1307
          3       1290
          4       1248
          5       1233
          6       1296
          7       1319
          8       1346
          9       1293
         10       1280
         11       1351
         12       1182

        200       1178           38353          9

          1       1224
          2       1213
          3       1290
          4       1180
          5       1225
          6       1224
          7       1319
          8       1249
          9       1193
         10       1233
         11       1302
         12       1178

        300       1178           59935         12

          1       1224
          2       1182
          3       1290
          4       1180
          5       1196
          6       1204
          7       1229
          8       1189
          9       1193
         10       1185
         11       1302
         12       1178

        400       1177           71396         15

          1       1224
          2       1182
          3       1290
          4       1180
          5       1196
          6       1187
          7       1229
          8       1189
          9       1193
         10       1177
         11       1264
         12       1178

        500       1177           78758         17

          1       1224
          2       1182
          3       1221
          4       1180
          5       1196
          6       1187
          7       1229
          8       1189
          9       1193
         10       1177
         11       1264
         12       1178

        600       1177           88779         19

          1       1177
          2       1182
          3       1221
          4       1180
          5       1196
          6       1187
          7       1229
          8       1189
          9       1193
         10       1177
         11       1254
         12       1178

        700       1165          102910         22

          1       1177
          2       1182
          3       1221
          4       1180
          5       1196
          6       1165
          7       1229
          8       1189
          9       1193
         10       1177
         11       1220
         12       1178

        800       1165          114051         24

          1       1177
          2       1182
          3       1197
          4       1180
          5       1196
          6       1165
          7       1229
          8       1189
          9       1193
         10       1177
         11       1220
         12       1178

        900       1165          118347         25

          1       1177
          2       1182
          3       1197
          4       1180
          5       1196
          6       1165
          7       1229
          8       1189
          9       1193
         10       1177
         11       1220
         12       1178

       1000       1165          130275         27

          1       1177
          2       1182
          3       1197
          4       1180
          5       1196
          6       1165
          7       1175
          8       1189
          9       1193
         10       1177
         11       1220
         12       1178

