
 Sensibility Analysis parameter: Taboo Search - First method - Tenure

 Problem: ABZ7

 Method : Single Parallel Taboo Search

 With the following fixed parameters:

	 Population size: 12
	 Neighborhood generation method: N5
	 Tenure: 8
	 Maximum number of iterations without upgrade: 100000


 Results:

          6        674         9173243       4605

          1        694
          2        729
          3        713
          4        697
          5        680
          6        678
          7        704
          8        723
          9        674
         10        719
         11        732
         12        674

          7        670         9388105       4713

          1        687
          2        670
          3        682
          4        676
          5        686
          6        674
          7        684
          8        684
          9        683
         10        725
         11        693
         12        675

          8        664        11433157       5724

          1        673
          2        673
          3        680
          4        672
          5        664
          6        673
          7        681
          8        681
          9        671
         10        678
         11        673
         12        672

          9        669        14861536       7366

          1        672
          2        673
          3        675
          4        669
          5        672
          6        672
          7        672
          8        671
          9        672
         10        674
         11        670
         12        670

         10        668        17277500       8562

          1        675
          2        676
          3        673
          4        672
          5        673
          6        668
          7        675
          8        674
          9        670
         10        670
         11        668
         12        674

         11        669        14371783       7112

          1        674
          2        678
          3        677
          4        670
          5        676
          6        669
          7        675
          8        672
          9        675
         10        672
         11        671
         12        673

         12        669        15048259       7489

          1        673
          2        670
          3        675
          4        669
          5        675
          6        673
          7        676
          8        676
          9        675
         10        677
         11        673
         12        675

         13        669        17682065       8816

          1        674
          2        669
          3        673
          4        674
          5        672
          6        676
          7        676
          8        674
          9        674
         10        675
         11        677
         12        673

         14        671        14905153       7408

          1        678
          2        675
          3        675
          4        673
          5        678
          6        671
          7        672
          8        679
          9        674
         10        676
         11        675
         12        675

         15        673        13725782       6840

          1        674
          2        676
          3        678
          4        677
          5        673
          6        676
          7        677
          8        676
          9        674
         10        675
         11        675
         12        677

