
 Sensibility Analysis parameter: Taboo Search - First method - Tenure

 Problem: ABZ5

 Method : Single Parallel Taboo Search

 With the following fixed parameters:

	 Population size: 12
	 Neighborhood generation method: 0
	 Tenure: 8
	 Maximum number of iterations without upgrade: 10000

 Results:


          6       1238          649783        133

          1       1282
          2       1239
          3       1273
          4       1250
          5       1239
          6       1264
          7       1250
          8       1242
          9       1264
         10       1279
         11       1269
         12       1238

          7       1238          683637        140

          1       1238
          2       1238
          3       1243
          4       1247
          5       1250
          6       1249
          7       1249
          8       1239
          9       1250
         10       1242
         11       1238
         12       1249

          8       1239          773890        159

          1       1248
          2       1239
          3       1242
          4       1239
          5       1242
          6       1239
          7       1242
          8       1242
          9       1242
         10       1239
         11       1250
         12       1242

          9       1236          989679        202

          1       1248
          2       1249
          3       1243
          4       1239
          5       1236
          6       1242
          7       1242
          8       1242
          9       1236
         10       1244
         11       1239
         12       1244

         10       1238         1040517        211

          1       1239
          2       1245
          3       1243
          4       1243
          5       1248
          6       1243
          7       1238
          8       1243
          9       1238
         10       1239
         11       1238
         12       1249

         11       1238          954236        194

          1       1239
          2       1243
          3       1242
          4       1244
          5       1239
          6       1238
          7       1248
          8       1238
          9       1239
         10       1248
         11       1240
         12       1238

         12       1236         1031281        210

          1       1236
          2       1244
          3       1244
          4       1243
          5       1236
          6       1242
          7       1244
          8       1236
          9       1244
         10       1249
         11       1242
         12       1244

         13       1238          994384        203

          1       1238
          2       1250
          3       1242
          4       1248
          5       1238
          6       1242
          7       1248
          8       1243
          9       1247
         10       1249
         11       1242
         12       1248

         14       1238         1162899        238

          1       1242
          2       1238
          3       1248
          4       1242
          5       1242
          6       1238
          7       1241
          8       1251
          9       1239
         10       1248
         11       1239
         12       1246

         15       1236         1175473        241

          1       1245
          2       1238
          3       1245
          4       1256
          5       1242
          6       1238
          7       1239
          8       1248
          9       1243
         10       1249
         11       1236
         12       1244