// benchmark - multicriteria classification problem - alexia's data file

// number of criteria, UNSIGNED INT (NC):

6

// weight, DOUBLE (W_1,...,W_NC) / criterion MATRIX (NC x 5) (name STRING, mode STRING, valueA UNSIGNED INT, valueB UNSIGNED INT, valueC UNSIGNED INT):

0       lead-times  acmSum        0.80      0.95  1.00
0    repairability   value    68380.00  21520.00  0.00
0      criticality   value   242000.00  61640.00  0.00
0      commonality   value     5300.00   1200.00  0.00
0          billing  acmSum        0.80      0.95  1.00
0     obsolescence  binary        1.00      0.00  0.00

// billing index:

4

// lead time index:

0

// lead time variance:

0

// ABC multicriteria criterion (name STRING, mode STRING, valueA UNSIGNED INT, valueB UNSIGNED INT, valueC UNSIGNED INT):

multicriteria acmSum  0.80  0.95  1.00

// pairwise comparison weight FLOAT (M_1_1,...,M_i_j,...,M_NC_NC):

0.3333 0.2000 5.0000 0.1111  5.0000
       0.3333 5.0000 0.1428  5.0000
              9.0000 0.3333  9.0000
                     0.1111  1.0000
                             9.0000

// number of data per criterion, UNSIGNED INT (ND):

254

// code (C_1,...,C_i,...,C_ND) + data, DOUBLE (D_1_1,...,D_i_j,...,D_ND_NC):

2252   7.00      0.00        0.00      0.00      720.00   1.00
2253   7.00      0.00        0.00      0.00        0.00   1.00
2255   7.00      0.00        0.00      0.00      600.00   1.00
2259   7.00      0.00        0.00   5300.00    13100.00   0.00
2132  20.00      0.00   242000.00      0.00     1100.00   0.00
1922  20.00      0.00   242000.00      0.00    61590.00   0.00
2131  20.00      0.00   242000.00      0.00   156135.00   0.00
1790  20.00      0.00   242000.00      0.00     1620.00   0.00
1810  30.00      0.00        0.00      0.00     8100.00   0.00
1806  30.00      0.00        0.00      0.00        0.00   0.00
2259   7.00      0.00        0.00   5300.00    13100.00   0.00
2168  30.00      0.00   242000.00      0.00     3195.00   0.00
2169  30.00      0.00   242000.00      0.00    12270.00   0.00
2524  30.00      0.00   242000.00      0.00     6160.00   0.00
2172  30.00      0.00   242000.00      0.00        0.00   0.00
2171  30.00      0.00   242000.00      0.00        0.00   0.00
1809  30.00      0.00        0.00      0.00      720.00   0.00
1813  30.00      0.00        0.00      0.00      840.00   0.00
2122  30.00      0.00        0.00   5300.00     1200.00   0.00
2120  30.00      0.00        0.00   5300.00      650.00   0.00
2340  30.00      0.00        0.00      0.00        0.00   0.00
1822  30.00      0.00        0.00      0.00        0.00   0.00
1956   7.00      0.00        0.00      0.00     2600.00   0.00
1957   7.00      0.00        0.00      0.00      550.00   0.00
2515  30.00      0.00        0.00      0.00    27690.00   0.00
2516  30.00      0.00        0.00      0.00        0.00   0.00
2463  30.00      0.00        0.00      0.00     1350.00   0.00
2175  30.00      0.00        0.00   5300.00     1850.00   0.00
2432  30.00      0.00        0.00      0.00     2550.00   0.00
2090  30.00      0.00        0.00      0.00     6700.00   0.00
2076  30.00      0.00        0.00      0.00     4100.00   0.00
2478  30.00      0.00        0.00      0.00        0.00   0.00
2444  30.00      0.00        0.00      0.00      500.00   0.00
2454  30.00      0.00        0.00      0.00     7400.00   0.00
2479  30.00      0.00        0.00      0.00        0.00   0.00
1771   7.00      0.00        0.00      0.00     8190.00   0.00
1833   7.00      0.00        0.00      0.00     2450.00   0.00
1017  30.00      0.00        0.00   5300.00     4100.00   0.00
2174  30.00      0.00        0.00      0.00        0.00   0.00
1789  30.00      0.00        0.00      0.00     1320.00   0.00
2077  30.00      0.00        0.00      0.00        0.00   0.00
1788  30.00      0.00        0.00      0.00    34020.00   0.00
2455  30.00      0.00        0.00      0.00      780.00   0.00
2456  30.00      0.00        0.00      0.00      780.00   0.00
2032  30.00      0.00        0.00      0.00    58810.00   0.00
2031  30.00      0.00   242000.00      0.00    68380.00   0.00
1823  30.00      0.00   242000.00      0.00   114190.00   0.00
2329   7.00  21520.00        0.00   5300.00      750.00   0.00
1059  30.00  68380.00        0.00   5300.00        0.00   0.00
1700  30.00  68380.00        0.00   5300.00   119120.00   0.00
2552  30.00  68380.00        0.00   5300.00    19480.00   0.00
2553  30.00  68380.00        0.00   5300.00    12090.00   0.00
2491  30.00  68380.00        0.00   5300.00        0.00   0.00
1762  30.00  68380.00        0.00   5300.00    15050.00   0.00
1769  30.00  68380.00        0.00   5300.00     1440.00   0.00
1061  30.00  68380.00    61640.00   5300.00     5180.00   0.00
1292  30.00  68380.00        0.00   5300.00     5220.00   0.00
1069  30.00  68380.00        0.00   5300.00      270.00   0.00
1815  20.00  68380.00   242000.00   5300.00        0.00   0.00
2535  30.00  68380.00        0.00   5300.00        0.00   0.00
2536  30.00  68380.00        0.00   5300.00        0.00   0.00
2343  30.00  68380.00        0.00   5300.00        0.00   0.00
1770  20.00  68380.00        0.00   5300.00     1690.00   0.00
1969  20.00  68380.00        0.00   5300.00        0.00   0.00
1935  20.00  68380.00        0.00   5300.00      850.00   0.00
1934  20.00  68380.00        0.00   5300.00        0.00   0.00
2129  30.00  68380.00        0.00   5300.00        0.00   0.00
1844  20.00  68380.00        0.00   5300.00        0.00   0.00
2380  20.00  68380.00        0.00   5300.00        0.00   0.00
2435  30.00  68380.00        0.00   5300.00        0.00   0.00
2033  30.00  68380.00        0.00   5300.00        0.00   0.00
2366  30.00  68380.00        0.00   5300.00        0.00   0.00
2534  30.00  68380.00        0.00   5300.00        0.00   0.00
2068  30.00      0.00   242000.00      0.00    21520.00   0.00
1955  20.00      0.00   242000.00      0.00    21130.00   0.00
2461  30.00      0.00        0.00      0.00      600.00   0.00
2109  30.00      0.00        0.00      0.00        0.00   0.00
1102  20.00      0.00   242000.00      0.00    43380.00   0.00
2157  30.00      0.00        0.00      0.00        0.00   0.00
1824  30.00      0.00        0.00      0.00        0.00   0.00
1617  30.00      0.00        0.00      0.00        0.00   0.00
1825  30.00      0.00        0.00      0.00        0.00   0.00
2017  30.00      0.00        0.00      0.00        0.00   0.00
1058  30.00      0.00        0.00      0.00      150.00   0.00
2095  30.00      0.00   242000.00      0.00        0.00   0.00
2096  30.00      0.00   242000.00      0.00        0.00   0.00
1873  30.00      0.00        0.00      0.00    28020.00   0.00
1872  30.00      0.00        0.00      0.00        0.00   0.00
2370  30.00      0.00        0.00      0.00        0.00   0.00
1518  20.00      0.00        0.00      0.00        0.00   0.00
2472  30.00      0.00        0.00      0.00        0.00   0.00
2471  30.00      0.00        0.00      0.00      400.00   0.00
2473  30.00      0.00        0.00      0.00      700.00   0.00
2189   7.00      0.00        0.00      0.00     1100.00   0.00
2190   7.00      0.00        0.00      0.00      900.00   0.00
2191   7.00      0.00        0.00      0.00     1100.00   0.00
2544  30.00      0.00        0.00   5300.00        0.00   0.00
1373  30.00      0.00        0.00   1200.00      500.00   0.00
1078  30.00      0.00        0.00   1200.00        0.00   0.00
1566  30.00      0.00        0.00   1200.00      660.00   0.00
1378  30.00      0.00        0.00   1200.00     1150.00   0.00
2160  30.00  68380.00   242000.00   5300.00    34250.00   0.00
1816  30.00      0.00        0.00      0.00     1200.00   0.00
2039  30.00      0.00        0.00      0.00     6500.00   0.00
2056  30.00      0.00        0.00      0.00     1040.00   0.00
2139  30.00      0.00        0.00      0.00     1000.00   0.00
2148  30.00      0.00   242000.00      0.00    25420.00   0.00
2111  30.00      0.00   242000.00      0.00     7920.00   0.00
1857  30.00      0.00   242000.00      0.00        0.00   0.00
2182  30.00      0.00   242000.00      0.00     1200.00   0.00
1801  30.00      0.00        0.00      0.00     1200.00   0.00
2152  30.00      0.00        0.00      0.00     3300.00   0.00
1777  30.00      0.00        0.00      0.00      800.00   0.00
1958   7.00      0.00        0.00      0.00     1500.00   0.00
2021   7.00      0.00   242000.00      0.00    61640.00   0.00
2026   7.00      0.00   242000.00      0.00        0.00   0.00
1830   7.00      0.00   242000.00      0.00        0.00   0.00
2020   7.00      0.00   242000.00      0.00        0.00   0.00
2025   7.00      0.00   242000.00      0.00        0.00   0.00
1581   7.00      0.00   242000.00      0.00     2210.00   0.00
1579   7.00      0.00        0.00      0.00    13410.00   0.00
1842   7.00      0.00   242000.00      0.00        0.00   0.00
2035   7.00      0.00   242000.00      0.00    24960.00   0.00
1835   7.00      0.00   242000.00      0.00        0.00   0.00
2010   7.00      0.00   242000.00      0.00        0.00   0.00
2022   7.00      0.00   242000.00      0.00        0.00   0.00
1846   7.00      0.00   242000.00      0.00        0.00   0.00
1834   7.00      0.00   242000.00      0.00        0.00   0.00
1669  30.00      0.00        0.00      0.00      350.00   0.00
1670  30.00      0.00        0.00      0.00     1630.00   0.00
1664  30.00      0.00        0.00      0.00     2610.00   0.00
1665  30.00      0.00        0.00      0.00     2600.00   0.00
2156  30.00      0.00        0.00   1200.00     6355.00   0.00
2531  30.00      0.00        0.00   1200.00      650.00   0.00
2040  30.00      0.00        0.00   1200.00        0.00   0.00
1888  30.00      0.00        0.00   1200.00      200.00   0.00
2005  30.00      0.00        0.00   1200.00      850.00   0.00
1853  30.00      0.00        0.00      0.00     2225.00   0.00
1131  30.00      0.00        0.00      0.00      400.00   0.00
1569  30.00      0.00        0.00      0.00        0.00   0.00
2543  30.00  68380.00        0.00   1200.00        0.00   0.00
2198   7.00      0.00        0.00      0.00    12090.00   0.00
2405  30.00      0.00        0.00      0.00        0.00   0.00
2163  30.00      0.00        0.00      0.00        0.00   0.00
2165  30.00      0.00        0.00      0.00        0.00   0.00
2164  30.00      0.00        0.00      0.00    12320.00   0.00
2364  30.00      0.00        0.00      0.00     7290.00   0.00
2403  30.00      0.00        0.00      0.00     5400.00   0.00
1914  30.00      0.00        0.00      0.00     1320.00   0.00
2003  30.00      0.00        0.00      0.00        0.00   0.00
2395  30.00      0.00        0.00      0.00     4470.00   0.00
2173  30.00      0.00        0.00      0.00     1440.00   0.00
2538  30.00      0.00        0.00      0.00     5640.00   0.00
1519  30.00      0.00        0.00      0.00     1020.00   0.00
2375  30.00      0.00        0.00      0.00        0.00   0.00
2522  30.00      0.00        0.00      0.00        0.00   0.00
2377  30.00      0.00        0.00      0.00     5280.00   0.00
2349  30.00  21520.00   242000.00      0.00        0.00   0.00
2350  30.00  21520.00   242000.00      0.00    62590.00   0.00
1382  30.00  21520.00        0.00      0.00     8080.00   0.00
1291  30.00  21520.00        0.00      0.00        0.00   0.00
2498  30.00  21520.00        0.00   1200.00        0.00   0.00
2145  30.00  21520.00        0.00   1200.00        0.00   0.00
1662  30.00      0.00        0.00   5300.00    50400.00   0.00
1180  30.00      0.00        0.00   5300.00     5300.00   0.00
1181  30.00      0.00        0.00   5300.00    55790.00   0.00
1183  30.00      0.00        0.00   5300.00        0.00   0.00
2485  30.00      0.00        0.00   5300.00     1200.00   0.00
1410  30.00      0.00        0.00   5300.00     1750.00   0.00
2210   7.00      0.00        0.00   5300.00        0.00   0.00
1557  30.00      0.00        0.00   5300.00        0.00   0.00
1385  30.00      0.00        0.00   5300.00      200.00   0.00
1332  30.00      0.00        0.00   5300.00      400.00   0.00
2441  30.00      0.00        0.00   5300.00        0.00   0.00
1847  30.00      0.00        0.00   5300.00        0.00   0.00
1848  30.00      0.00        0.00   5300.00     1500.00   0.00
2520  30.00      0.00        0.00   5300.00        0.00   0.00
2166  30.00      0.00        0.00   5300.00        0.00   0.00
2167  30.00      0.00        0.00   5300.00     1000.00   0.00
1979  30.00      0.00        0.00   5300.00     7110.00   0.00
2042  30.00      0.00        0.00   5300.00     2460.00   0.00
1980  30.00      0.00        0.00   5300.00     3180.00   0.00
1859  30.00      0.00        0.00      0.00     2050.00   0.00
2049  30.00      0.00        0.00      0.00        0.00   0.00
2184  30.00      0.00        0.00      0.00        0.00   0.00
1510  30.00      0.00        0.00      0.00    17040.00   0.00
1663  30.00      0.00        0.00      0.00        0.00   0.00
1447  30.00      0.00        0.00      0.00        0.00   0.00
2512  30.00      0.00        0.00      0.00        0.00   0.00
1446  30.00      0.00        0.00      0.00     3000.00   0.00
1192  30.00  68380.00        0.00      0.00        0.00   0.00
1194  30.00  68380.00        0.00      0.00        0.00   0.00
1348  30.00  68380.00        0.00      0.00        0.00   0.00
2228   7.00      0.00        0.00      0.00     8030.00   0.00
2229  30.00      0.00        0.00      0.00        0.00   0.00
2124  30.00      0.00        0.00      0.00        0.00   0.00
1638   7.00      0.00        0.00   1200.00     1590.00   0.00
1634   7.00      0.00        0.00   5300.00      100.00   0.00
1415  30.00  68380.00        0.00      0.00        0.00   0.00
1394  30.00  68380.00        0.00      0.00        0.00   0.00
2540  30.00      0.00        0.00   5300.00        0.00   0.00
1921  30.00      0.00        0.00      0.00     1620.00   0.00
1367  30.00      0.00        0.00      0.00        0.00   0.00
1480  30.00      0.00        0.00      0.00     1020.00   0.00
2070  30.00      0.00        0.00      0.00        0.00   0.00
2363  30.00      0.00        0.00      0.00     3480.00   0.00
2508  30.00      0.00        0.00      0.00        0.00   0.00
2507  30.00      0.00        0.00      0.00        0.00   0.00
1653  30.00      0.00        0.00      0.00        0.00   0.00
1870  30.00      0.00        0.00      0.00        0.00   0.00
2183  30.00      0.00        0.00      0.00        0.00   0.00
2006  30.00      0.00        0.00      0.00     2300.00   0.00
1506  30.00      0.00        0.00      0.00    11240.00   0.00
2429  30.00      0.00        0.00      0.00        0.00   0.00
2091  30.00      0.00   242000.00      0.00   242280.00   0.00
2092  30.00      0.00   242000.00      0.00    85940.00   0.00
2392  30.00      0.00        0.00      0.00    25790.00   0.00
2391  30.00      0.00        0.00      0.00     7860.00   0.00
2233   7.00      0.00        0.00      0.00        0.00   0.00
2232   7.00      0.00        0.00      0.00        0.00   0.00
2235  30.00      0.00        0.00      0.00     1200.00   0.00
2453  30.00      0.00        0.00      0.00        0.00   0.00
2430  30.00      0.00        0.00      0.00        0.00   0.00
2431  30.00      0.00        0.00      0.00        0.00   0.00
2243   7.00      0.00        0.00      0.00        0.00   0.00
2246   7.00      0.00        0.00      0.00        0.00   0.00
2348  20.00      0.00        0.00      0.00        0.00   0.00
1574  20.00      0.00        0.00      0.00        0.00   0.00
1606  20.00      0.00   242000.00      0.00   136840.00   0.00
1864  20.00      0.00   242000.00      0.00    64840.00   0.00
2446  30.00      0.00        0.00      0.00        0.00   0.00
2445  30.00      0.00        0.00      0.00        0.00   0.00
2321   7.00  68380.00        0.00   1200.00        0.00   0.00
1252  30.00      0.00        0.00      0.00     1000.00   0.00
1719  30.00  68380.00        0.00      0.00        0.00   0.00
2023   7.00      0.00        0.00   5300.00        0.00   0.00
2339  30.00  68380.00        0.00   5300.00        0.00   0.00
2041  30.00      0.00        0.00      0.00      280.00   0.00
2142  30.00  68380.00        0.00   1200.00      580.00   0.00
1701  30.00  68380.00        0.00      0.00     1740.00   0.00
1893  30.00  68380.00        0.00      0.00     1380.00   0.00
1767  30.00  68380.00        0.00      0.00     1740.00   0.00
1827  30.00  68380.00        0.00      0.00        0.00   0.00
1840  30.00  68380.00        0.00      0.00        0.00   0.00
2495  30.00  68380.00        0.00      0.00        0.00   0.00
2494  30.00  68380.00        0.00      0.00        0.00   0.00
2344  30.00  68380.00        0.00      0.00        0.00   0.00
1993  30.00  68380.00        0.00      0.00        0.00   0.00
2488  30.00  68380.00        0.00      0.00        0.00   0.00
2489  30.00  68380.00        0.00      0.00     1440.00   0.00
1793  30.00  68380.00        0.00      0.00        0.00   0.00
1940  30.00  68380.00        0.00      0.00        0.00   0.00
1939  30.00  68380.00        0.00      0.00        0.00   0.00
2500  30.00  68380.00        0.00   5300.00        0.00   1.00
