
        100        727          248645        152
        100        720          253385        153
        100        718          244312        148
        100        721          254211        154
        100        722          258825        158
       1000        690         1833725       1082
       1000        690         1936916       1148
       1000        689         1846155       1094
       1000        688         1923259       1142
       1000        691         2000806       1191
      10000        688        15380034       9100
      10000        688        13654257       8091
      10000        688        14183303       8378
      10000        688        14771628       8704
      10000        688        14607007       8583