
        100        732          247269        151
        100        736          280231        171
        100        721          233963        144
        100        747          249686        152
        100        731          267146        162
       1000        693         1826363       1093
       1000        690         1957390       1173
       1000        694         1885968       1126
       1000        699         1824775       1094
       1000        701         2100938       1264
      10000        690        14465838       8546
      10000        688        13404916       7909
      10000        688        14091771       8330
      10000        689        14198278       8409
      10000        690        14763904       8753