
 Sensibility Analysis parameter: Taboo Search - First method - Tenure

 Problem: ABZ6

 Method : Single Parallel Taboo Search

 With the following fixed parameters:

	 Population size: 12
	 Neighborhood generation method: N5
	 Tenure: 8
	 Maximum number of iterations without upgrade: 10000


 Results:

          6        945          628132        130

          1        945
          2        947
          3        984
          4       1018
          5        964
          6        948
          7       1001
          8        945
          9        996
         10        950
         11        945
         12        967

          7        945          745519        151

          1        947
          2        947
          3        957
          4        947
          5        947
          6        947
          7        947
          8        945
          9        962
         10        957
         11        947
         12        947

          8        947          980410        199

          1        947
          2        947
          3        947
          4        947
          5        957
          6        947
          7        947
          8        947
          9        947
         10        947
         11        956
         12        947

          9        945          970748        197

          1        948
          2        948
          3        948
          4        945
          5        945
          6        945
          7        945
          8        948
          9        947
         10        945
         11        947
         12        945

         10        945          894905        182

          1        947
          2        948
          3        947
          4        947
          5        947
          6        947
          7        945
          8        945
          9        945
         10        952
         11        945
         12        947

         11        945          999470        204

          1        948
          2        948
          3        945
          4        948
          5        947
          6        947
          7        947
          8        945
          9        946
         10        945
         11        946
         12        947

         12        945          847907        175

          1        947
          2        945
          3        947
          4        947
          5        951
          6        951
          7        945
          8        947
          9        947
         10        947
         11        945
         12        958

         13        943          946767        196

          1        947
          2        943
          3        947
          4        947
          5        948
          6        947
          7        951
          8        947
          9        948
         10        948
         11        947
         12        947

         14        943         1003918        209

          1        947
          2        947
          3        948
          4        948
          5        947
          6        948
          7        945
          8        945
          9        945
         10        943
         11        947
         12        947

         15        945          958436        200

          1        947
          2        948
          3        947
          4        947
          5        948
          6        948
          7        947
          8        957
          9        947
         10        948
         11        947
         12        945

