
 Sensibility Analysis parameter: Taboo Search - First method - Maximun number of iterations without upgrade

 Problem: ABZ5

 Method : Single Parallel Particle Collision

 Results:


        100       1238          108726         22
        100       1238          102681         21
        100       1239          105711         22
        100       1241          106514         22
        100       1234          110297         22
       1000       1236          804204        166
       1000       1238          731900        151
       1000       1238          719688        148
       1000       1236          711408        146
       1000       1238          834873        172
      10000       1238         6015416       1252
      10000       1236         5975992       1249
      10000       1236         5946901       1246
      10000       1236         6157942       1287
      10000       1236         6103835       1276
     100000       1236        45709932       9661
     100000       1238        53933674      11443
     100000       1236        47395863      10024
     100000       1238        52533467      11067
     100000       1238        45519799       9697
