
 Sensibility Analysis parameter: Taboo Search - First method - Tenure

 Problem: FT6

 Method : Single Parallel Taboo Search

 With the following fixed parameters:

	 Population size: 12
	 Neighborhood generation method: 0
	 Tenure: 8
	 Maximum number of iterations without upgrade: 10000

 Results:


          6         55          397030         39

          1         55
          2         55
          3         55
          4         55
          5         55
          6         55
          7         55
          8         55
          9         55
         10         55
         11         58
         12         58

          7         55          396936         38

          1         55
          2         55
          3         55
          4         55
          5         55
          6         55
          7         55
          8         55
          9         55
         10         55
         11         55
         12         55

          8         55          390601         38

          1         55
          2         55
          3         55
          4         55
          5         55
          6         55
          7         55
          8         55
          9         55
         10         55
         11         55
         12         55

          9         55          396426         39

          1         55
          2         55
          3         55
          4         55
          5         55
          6         55
          7         55
          8         55
          9         55
         10         55
         11         58
         12         55

         10         55          402393         42

          1         55
          2         56
          3         56
          4         55
          5         55
          6         55
          7         55
          8         55
          9         55
         10         55
         11         56
         12         56

         11         55          422199         43

          1         55
          2         56
          3         56
          4         55
          5         55
          6         55
          7         55
          8         55
          9         55
         10         55
         11         55
         12         55

         12         55          394801         43

          1         55
          2         55
          3         55
          4         55
          5         55
          6         55
          7         55
          8         55
          9         55
         10         55
         11         55
         12         55

         13         55          398022         43

          1         55
          2         55
          3         55
          4         55
          5         55
          6         55
          7         55
          8         55
          9         55
         10         55
         11         55
         12         55

         14         55          428784         45

          1         55
          2         57
          3         55
          4         55
          5         57
          6         55
          7         55
          8         55
          9         55
         10         55
         11         55
         12         55

         15         55          408743         45

          1         55
          2         55
          3         55
          4         55
          5         57
          6         55
          7         55
          8         55
          9         55
         10         55
         11         55
         12         55