
 Sensibility Analysis parameter: Hybrid Models - Number of cycles

 Problem: FT20

 Method : Hybrid Successive Application (100 cycles)


 First operator: Parallel Taboo Search

 With the following fixed parameters:

	 Population size: 12
	 Neighborhood generation method: N5
	 Tenure: 8
	 Maximum number of iterations without upgrade: 100


 Second operator: Similar Particle Swarm

 with the following fixed parameters:

	 Population size: 12
	 Crossover method: C1 with 1 floating point
	 Mutation method: M1
	 Mutation percentage: 20
	 Number of iterations: 1


 Results:


 Convergence Analysis:

    0	      2000
    1	      1182
    2	      1180
    3	      1178
    4	      1178
    5	      1178
    6	      1178
    7	      1178
    8	      1178
    9	      1173
   10	      1170
   11	      1170
   12	      1170
   13	      1170
   14	      1165

 Final results:

        100       1165          108098         71

          1       1196
          2       1170
          3       1165
          4       1184
          5       1165
          6       1178
          7       1245
          8       1170
          9       1165
         10       1199
         11       1814
         12       1785


 Convergence Analysis:

    0	      2000
    1	      1182
    2	      1182
    3	      1182
    4	      1180
    5	      1180
    6	      1180
    7	      1178
    8	      1178
    9	      1178
   10	      1178
   11	      1178
   12	      1178
   13	      1178
   14	      1178
   15	      1178
   16	      1165

 Final results:

        100       1165          141534         92

          1       1207
          2       1178
          3       1178
          4       1257
          5       1165
          6       1665
          7       1178
          8       1309
          9       1180
         10       1340
         11       1196
         12       1197


 Convergence Analysis:

    0	      2000
    1	      1182
    2	      1180
    3	      1180
    4	      1179
    5	      1178
    6	      1178
    7	      1178
    8	      1178
    9	      1178
   10	      1178
   11	      1178
   12	      1178
   13	      1178
   14	      1178
   15	      1178
   16	      1178
   17	      1178
   18	      1178
   19	      1178
   20	      1178
   21	      1178
   22	      1178
   23	      1178
   24	      1178
   25	      1178
   26	      1178
   27	      1178
   28	      1178
   29	      1175
   30	      1175
   31	      1175
   32	      1175
   33	      1175
   34	      1175
   35	      1175
   36	      1175
   37	      1175
   38	      1175
   39	      1175
   40	      1175
   41	      1175
   42	      1175
   43	      1175
   44	      1175
   45	      1175
   46	      1175
   47	      1175
   48	      1175
   49	      1175
   50	      1175
   51	      1175
   52	      1175
   53	      1173
   54	      1173
   55	      1165

 Final results:

        100       1165          359753        233

          1       1219
          2       1173
          3       1175
          4       1464
          5       1175
          6       1175
          7       1240
          8       1834
          9       1178
         10       1165
         11       1272
         12       1289


 Convergence Analysis:

    0	      2000
    1	      1182
    2	      1182
    3	      1180
    4	      1180
    5	      1178
    6	      1178
    7	      1178
    8	      1178
    9	      1178
   10	      1178
   11	      1178
   12	      1178
   13	      1178
   14	      1178
   15	      1178
   16	      1178
   17	      1178
   18	      1178
   19	      1178
   20	      1178
   21	      1178
   22	      1178
   23	      1173
   24	      1166
   25	      1166
   26	      1166
   27	      1166
   28	      1166
   29	      1166
   30	      1166
   31	      1166
   32	      1166
   33	      1165

 Final results:

        100       1165          226940        148

          1       1250
          2       1165
          3       1166
          4       1343
          5       1477
          6       1336
          7       1181
          8       1204
          9       1180
         10       1166
         11       1759
         12       1188


 Convergence Analysis:

    0	      2000
    1	      1182
    2	      1182
    3	      1178
    4	      1178
    5	      1178
    6	      1178
    7	      1178
    8	      1178
    9	      1178
   10	      1178
   11	      1178
   12	      1178
   13	      1178
   14	      1178
   15	      1178
   16	      1178
   17	      1178
   18	      1178
   19	      1177
   20	      1177
   21	      1177
   22	      1177
   23	      1177
   24	      1177
   25	      1177
   26	      1177
   27	      1177
   28	      1177
   29	      1177
   30	      1177
   31	      1177
   32	      1177
   33	      1177
   34	      1177
   35	      1177
   36	      1177
   37	      1177
   38	      1177
   39	      1177
   40	      1177
   41	      1177
   42	      1169
   43	      1168
   44	      1168
   45	      1168
   46	      1165

 Final results:

        100       1165          303873        200

          1       1165
          2       1195
          3       1165
          4       1437
          5       1768
          6       1243
          7       1189
          8       1284
          9       1234
         10       1196
         11       1177
         12       1178

