
 Sensibility Analysis parameter: Hybrid Models - Number of cycles

 Problem: FT20

 Method : Hybrid Neighborhood (100 cycles)


 First operator: Parallel Taboo Search

 With the following fixed parameters:

	 Population size: 12
	 Neighborhood generation method: N5
	 Tenure: 8
	 Maximum number of iterations without upgrade: 100


 Second operator: Similar Particle Swarm

 with the following fixed parameters:

	 Population size: 12
	 Crossover method: C1 with 1 floating point
	 Mutation method: M1
	 Mutation percentage: 20
	 Number of iterations: 1


 Results:


 Convergence Analysis:

    0	      2000
    1	      1182
    2	      1182
    3	      1182
    4	      1182
    5	      1182
    6	      1180
    7	      1180
    8	      1180
    9	      1180
   10	      1180
   11	      1180
   12	      1178
   13	      1177
   14	      1177
   15	      1177
   16	      1177
   17	      1177
   18	      1177
   19	      1177
   20	      1177
   21	      1177
   22	      1177
   23	      1177
   24	      1177
   25	      1177
   26	      1177
   27	      1177
   28	      1173
   29	      1173
   30	      1173
   31	      1167
   32	      1166
   33	      1165

 Final results:

        100       1165          228544        149

          1       1177
          2       1254
          3       1173
          4       1173
          5       1177
          6       1177
          7       1165
          8       1165
          9       1740
         10       1307
         11       1173
         12       1567


 Convergence Analysis:

    0	      2000
    1	      1182
    2	      1182
    3	      1182
    4	      1182
    5	      1182
    6	      1182
    7	      1182
    8	      1182
    9	      1182
   10	      1181
   11	      1181
   12	      1181
   13	      1181
   14	      1181
   15	      1181
   16	      1178
   17	      1178
   18	      1178
   19	      1178
   20	      1178
   21	      1178
   22	      1178
   23	      1178
   24	      1178
   25	      1178
   26	      1178
   27	      1178
   28	      1178
   29	      1178
   30	      1178
   31	      1178
   32	      1178
   33	      1178
   34	      1178
   35	      1178
   36	      1178
   37	      1178
   38	      1178
   39	      1178
   40	      1178
   41	      1178
   42	      1178
   43	      1178
   44	      1178
   45	      1178
   46	      1178
   47	      1178
   48	      1173
   49	      1173
   50	      1173
   51	      1173
   52	      1173
   53	      1173
   54	      1173
   55	      1173
   56	      1173
   57	      1173
   58	      1173
   59	      1173
   60	      1173
   61	      1173
   62	      1173
   63	      1173
   64	      1173
   65	      1173
   66	      1173
   67	      1173
   68	      1173
   69	      1173
   70	      1173
   71	      1173
   72	      1173
   73	      1173
   74	      1173
   75	      1173
   76	      1173
   77	      1173
   78	      1173
   79	      1173
   80	      1173
   81	      1173
   82	      1173
   83	      1173
   84	      1173
   85	      1173
   86	      1173
   87	      1173
   88	      1173
   89	      1173
   90	      1173
   91	      1173
   92	      1173
   93	      1173
   94	      1173
   95	      1173
   96	      1173
   97	      1173
   98	      1173
   99	      1173
  100	      1173

 Final results:

        100       1173          593772        385

          1       1178
          2       1234
          3       1178
          4       1178
          5       1178
          6       1178
          7       1178
          8       1436
          9       1178
         10       1178
         11       1178
         12       1178


 Convergence Analysis:

    0	      2000
    1	      1182
    2	      1182
    3	      1182
    4	      1180
    5	      1180
    6	      1180
    7	      1180
    8	      1180
    9	      1180
   10	      1180
   11	      1178
   12	      1178
   13	      1178
   14	      1178
   15	      1178
   16	      1178
   17	      1178
   18	      1178
   19	      1178
   20	      1178
   21	      1178
   22	      1178
   23	      1178
   24	      1178
   25	      1178
   26	      1178
   27	      1178
   28	      1178
   29	      1178
   30	      1178
   31	      1178
   32	      1178
   33	      1178
   34	      1178
   35	      1178
   36	      1178
   37	      1173
   38	      1173
   39	      1173
   40	      1173
   41	      1173
   42	      1173
   43	      1173
   44	      1173
   45	      1173
   46	      1173
   47	      1173
   48	      1173
   49	      1173
   50	      1173
   51	      1173
   52	      1173
   53	      1173
   54	      1173
   55	      1173
   56	      1173
   57	      1173
   58	      1165

 Final results:

        100       1165          336974        220

          1       1184
          2       1178
          3       1264
          4       1165
          5       1178
          6       1178
          7       1178
          8       1178
          9       1325
         10       1529
         11       1206
         12       1178


 Convergence Analysis:

    0	      2000
    1	      1182
    2	      1182
    3	      1182
    4	      1182
    5	      1182
    6	      1182
    7	      1182
    8	      1182
    9	      1182
   10	      1182
   11	      1182
   12	      1180
   13	      1180
   14	      1180
   15	      1180
   16	      1180
   17	      1180
   18	      1180
   19	      1180
   20	      1180
   21	      1176
   22	      1176
   23	      1173
   24	      1173
   25	      1173
   26	      1173
   27	      1173
   28	      1173
   29	      1173
   30	      1173
   31	      1173
   32	      1173
   33	      1173
   34	      1173
   35	      1173
   36	      1173
   37	      1173
   38	      1173
   39	      1173
   40	      1173
   41	      1173
   42	      1173
   43	      1173
   44	      1173
   45	      1173
   46	      1173
   47	      1173
   48	      1173
   49	      1173
   50	      1173
   51	      1173
   52	      1173
   53	      1173
   54	      1173
   55	      1173
   56	      1173
   57	      1173
   58	      1173
   59	      1173
   60	      1173
   61	      1173
   62	      1173
   63	      1173
   64	      1173
   65	      1165

 Final results:

        100       1165          409071        266

          1       1180
          2       1165
          3       1180
          4       1180
          5       1180
          6       1180
          7       1180
          8       1180
          9       1192
         10       1180
         11       2081
         12       1302


 Convergence Analysis:

    0	      2000
    1	      1182
    2	      1182
    3	      1182
    4	      1182
    5	      1180
    6	      1180
    7	      1180
    8	      1180
    9	      1180
   10	      1178
   11	      1178
   12	      1178
   13	      1178
   14	      1178
   15	      1178
   16	      1178
   17	      1178
   18	      1178
   19	      1178
   20	      1178
   21	      1178
   22	      1178
   23	      1178
   24	      1178
   25	      1178
   26	      1178
   27	      1178
   28	      1178
   29	      1178
   30	      1178
   31	      1178
   32	      1178
   33	      1178
   34	      1178
   35	      1178
   36	      1178
   37	      1178
   38	      1178
   39	      1178
   40	      1178
   41	      1178
   42	      1178
   43	      1178
   44	      1178
   45	      1178
   46	      1178
   47	      1178
   48	      1178
   49	      1178
   50	      1178
   51	      1178
   52	      1178
   53	      1178
   54	      1178
   55	      1178
   56	      1178
   57	      1178
   58	      1178
   59	      1178
   60	      1178
   61	      1178
   62	      1178
   63	      1178
   64	      1178
   65	      1178
   66	      1178
   67	      1178
   68	      1178
   69	      1178
   70	      1178
   71	      1178
   72	      1178
   73	      1175
   74	      1175
   75	      1175
   76	      1175
   77	      1175
   78	      1175
   79	      1175
   80	      1175
   81	      1175
   82	      1175
   83	      1175
   84	      1175
   85	      1175
   86	      1175
   87	      1175
   88	      1175
   89	      1175
   90	      1175
   91	      1175
   92	      1174
   93	      1172
   94	      1172
   95	      1168
   96	      1165

 Final results:

        100       1165          443301        301

          1       1180
          2       1175
          3       1165
          4       1301
          5       1172
          6       1165
          7       1168
          8       1184
          9       1678
         10       1168
         11       1250
         12       1168

