
 Sensibility Analysis parameter: Hybrid Models - Number of cycles

 Problem: FT20

 Method : Hybrid Successive Application (10 cycles)


 First operator: Similar Particle Swarm

 with the following fixed parameters:

	 Population size: 12
	 Crossover method: C1 with 1 floating point
	 Mutation method: M1
	 Mutation percentage: 20
	 Number of iterations: 1


 Second operator: Parallel Taboo Search

 With the following fixed parameters:

	 Population size: 12
	 Neighborhood generation method: N5
	 Tenure: 8
	 Maximum number of iterations without upgrade: 100


 Results:


 Convergence Analysis:

    0	      2000
    1	      1193
    2	      1177
    3	      1175
    4	      1175
    5	      1175
    6	      1175
    7	      1165
    8	      1165
    9	      1165
   10	      1165
   11	      1165
   12	      1165
   13	      1165
   14	      1165
   15	      1165
   16	      1165
   17	      1165
   18	      1165
   19	      1165
   20	      1165
   21	      1165
   22	      1165
   23	      1165
   24	      1165
   25	      1165
   26	      1165
   27	      1165
   28	      1165
   29	      1165
   30	      1165
   31	      1165
   32	      1165
   33	      1165
   34	      1165
   35	      1165
   36	      1165
   37	      1165
   38	      1165
   39	      1165
   40	      1165
   41	      1165
   42	      1165
   43	      1165
   44	      1165
   45	      1165
   46	      1165
   47	      1165
   48	      1165
   49	      1165
   50	      1165
   51	      1165
   52	      1165
   53	      1165
   54	      1165
   55	      1165
   56	      1165
   57	      1165
   58	      1165
   59	      1165
   60	      1165
   61	      1165
   62	      1165
   63	      1165
   64	      1165
   65	      1165
   66	      1165
   67	      1165
   68	      1165
   69	      1165
   70	      1165
   71	      1165
   72	      1165
   73	      1165
   74	      1165
   75	      1165
   76	      1165
   77	      1165
   78	      1165
   79	      1165
   80	      1165
   81	      1165
   82	      1165
   83	      1165
   84	      1165
   85	      1165
   86	      1165
   87	      1165
   88	      1165
   89	      1165
   90	      1165
   91	      1165
   92	      1165
   93	      1165
   94	      1165
   95	      1165
   96	      1165
   97	      1165
   98	      1165
   99	      1165
  100	      1165

 Final results:

        100       1165          689300        152

 Convergence Analysis:

    0	      2000
    1	      1182
    2	      1182
    3	      1182
    4	      1182
    5	      1178
    6	      1178
    7	      1178
    8	      1178
    9	      1178
   10	      1178
   11	      1178
   12	      1178
   13	      1178
   14	      1178
   15	      1178
   16	      1178
   17	      1178
   18	      1178
   19	      1178
   20	      1178
   21	      1178
   22	      1178
   23	      1178
   24	      1174
   25	      1178
   26	      1178
   27	      1173
   28	      1165
   29	      1165
   30	      1165
   31	      1165
   32	      1165
   33	      1165
   34	      1165
   35	      1165
   36	      1165
   37	      1165
   38	      1165
   39	      1165
   40	      1165
   41	      1165
   42	      1165
   43	      1165
   44	      1165
   45	      1165
   46	      1165
   47	      1165
   48	      1165
   49	      1165
   50	      1165
   51	      1165
   52	      1165
   53	      1165
   54	      1165
   55	      1165
   56	      1165
   57	      1165
   58	      1165
   59	      1165
   60	      1165
   61	      1165
   62	      1165
   63	      1165
   64	      1165
   65	      1165
   66	      1165
   67	      1165
   68	      1165
   69	      1165
   70	      1165
   71	      1165
   72	      1165
   73	      1165
   74	      1165
   75	      1165
   76	      1165
   77	      1165
   78	      1165
   79	      1165
   80	      1165
   81	      1165
   82	      1165
   83	      1165
   84	      1165
   85	      1165
   86	      1165
   87	      1165
   88	      1165
   89	      1165
   90	      1165
   91	      1165
   92	      1165
   93	      1165
   94	      1165
   95	      1165
   96	      1165
   97	      1165
   98	      1165
   99	      1165
  100	      1165

 Final results:

        100       1165          671103        145

 Convergence Analysis:

    0	      2000
    1	      1219
    2	      1188
    3	      1175
    4	      1175
    5	      1175
    6	      1173
    7	      1172
    8	      1165
    9	      1165
   10	      1165
   11	      1165
   12	      1165
   13	      1165
   14	      1165
   15	      1165
   16	      1165
   17	      1165
   18	      1165
   19	      1165
   20	      1165
   21	      1165
   22	      1165
   23	      1165
   24	      1165
   25	      1165
   26	      1165
   27	      1165
   28	      1165
   29	      1165
   30	      1165
   31	      1165
   32	      1165
   33	      1165
   34	      1165
   35	      1165
   36	      1165
   37	      1165
   38	      1165
   39	      1165
   40	      1165
   41	      1165
   42	      1165
   43	      1165
   44	      1165
   45	      1165
   46	      1165
   47	      1165
   48	      1165
   49	      1165
   50	      1165
   51	      1165
   52	      1165
   53	      1165
   54	      1165
   55	      1165
   56	      1165
   57	      1165
   58	      1165
   59	      1165
   60	      1165
   61	      1165
   62	      1165
   63	      1165
   64	      1165
   65	      1165
   66	      1165
   67	      1165
   68	      1165
   69	      1165
   70	      1165
   71	      1165
   72	      1165
   73	      1165
   74	      1165
   75	      1165
   76	      1165
   77	      1165
   78	      1165
   79	      1165
   80	      1165
   81	      1165
   82	      1165
   83	      1165
   84	      1165
   85	      1165
   86	      1165
   87	      1165
   88	      1165
   89	      1165
   90	      1165
   91	      1165
   92	      1165
   93	      1165
   94	      1165
   95	      1165
   96	      1165
   97	      1165
   98	      1165
   99	      1165
  100	      1165

 Final results:

        100       1165          752800        161

 Convergence Analysis:

    0	      2000
    1	      1204
    2	      1192
    3	      1175
    4	      1175
    5	      1175
    6	      1175
    7	      1175
    8	      1175
    9	      1175
   10	      1175
   11	      1175
   12	      1170
   13	      1165
   14	      1165
   15	      1165
   16	      1165
   17	      1165
   18	      1165
   19	      1165
   20	      1165
   21	      1165
   22	      1165
   23	      1165
   24	      1165
   25	      1165
   26	      1165
   27	      1165
   28	      1165
   29	      1165
   30	      1165
   31	      1165
   32	      1165
   33	      1165
   34	      1165
   35	      1165
   36	      1165
   37	      1165
   38	      1165
   39	      1165
   40	      1165
   41	      1165
   42	      1165
   43	      1165
   44	      1165
   45	      1165
   46	      1165
   47	      1165
   48	      1165
   49	      1165
   50	      1165
   51	      1165
   52	      1165
   53	      1165
   54	      1165
   55	      1165
   56	      1165
   57	      1165
   58	      1165
   59	      1165
   60	      1165
   61	      1165
   62	      1165
   63	      1165
   64	      1165
   65	      1165
   66	      1165
   67	      1165
   68	      1165
   69	      1165
   70	      1165
   71	      1165
   72	      1165
   73	      1165
   74	      1165
   75	      1165
   76	      1165
   77	      1165
   78	      1165
   79	      1165
   80	      1165
   81	      1165
   82	      1165
   83	      1165
   84	      1165
   85	      1165
   86	      1165
   87	      1165
   88	      1165
   89	      1165
   90	      1165
   91	      1165
   92	      1165
   93	      1165
   94	      1165
   95	      1165
   96	      1165
   97	      1165
   98	      1165
   99	      1165
  100	      1165

 Final results:

        100       1165          720828        155

 Convergence Analysis:

    0	      2000
    1	      1194
    2	      1187
    3	      1178
    4	      1178
    5	      1178
    6	      1178
    7	      1178
    8	      1178
    9	      1178
   10	      1173
   11	      1173
   12	      1173
   13	      1173
   14	      1173
   15	      1171
   16	      1165
   17	      1165
   18	      1165
   19	      1165
   20	      1165
   21	      1165
   22	      1165
   23	      1165
   24	      1165
   25	      1165
   26	      1165
   27	      1165
   28	      1165
   29	      1165
   30	      1165
   31	      1165
   32	      1165
   33	      1165
   34	      1165
   35	      1165
   36	      1165
   37	      1165
   38	      1165
   39	      1165
   40	      1165
   41	      1165
   42	      1165
   43	      1165
   44	      1165
   45	      1165
   46	      1165
   47	      1165
   48	      1165
   49	      1165
   50	      1165
   51	      1165
   52	      1165
   53	      1165
   54	      1165
   55	      1165
   56	      1165
   57	      1165
   58	      1165
   59	      1165
   60	      1165
   61	      1165
   62	      1165
   63	      1165
   64	      1165
   65	      1165
   66	      1165
   67	      1165
   68	      1165
   69	      1165
   70	      1165
   71	      1165
   72	      1165
   73	      1165
   74	      1165
   75	      1165
   76	      1165
   77	      1165
   78	      1165
   79	      1165
   80	      1165
   81	      1165
   82	      1165
   83	      1165
   84	      1165
   85	      1165
   86	      1165
   87	      1165
   88	      1165
   89	      1165
   90	      1165
   91	      1165
   92	      1165
   93	      1165
   94	      1165
   95	      1165
   96	      1165
   97	      1165
   98	      1165
   99	      1165
  100	      1165

 Final results:

        100       1165          704722        153
