
 Sensibility Analysis parameter: Similar Particle Swarm - First method - Mutation percent

 Problem: ABZ5

 Method : Hybrid Successive Application (10 cycles)

 with Similar Particle Swarm with the following fixed parameters:

	 Population size: 12
	 Crossover method: 0
	 Mutation method: 0
	 Mutation percentage: 20
	 Maximum number of iterations: 1

 and Parallel Taboo Search with the following fixed parameters:

	 Population size: 12
	 Neighborhood generation method: 0
	 Tenure: 8
	 Maximum number of iterations without upgrade: 10000

 Results:


          0       1238         6480172       1326
          0       1238         6605353       1340
          0       1238         6676441       1384
          0       1239         6447120       1344
          0       1238         6764986       1411
         10       1238         6750589       1390
         10       1238         7005564       1461
         10       1238         7099046       1452
         10       1238         6564897       1347
         10       1238         6981747       1439
         20       1238         7231849       1484
         20       1238         6737218       1381
         20       1238         6947100       1426
         20       1238         6914090       1415
         20       1238         7135959       1477
         30       1238         7155220       1470
         30       1238         7196060       1503
         30       1238         6952054       1435
         30       1236         7195610       1478
         30       1238         7098401       1466
         40       1238         7285185       1506
         40       1238         7208840       1489
         40       1238         7614619       1567
         40       1238         7685767       1579
         40       1238         7124536       1471
         50       1238         7841546       1621
         50       1236         7455251       1543
         50       1238         7251043       1507
         50       1236         7347784       1520
         50       1236         7719861       1586
         60       1236         7847963       1630
         60       1238         7834750       1613
         60       1238         7835007       1611
         60       1236         7990786       1648
         60       1236         7653059       1574
         70       1236         7539449       1567
         70       1238         7482580       1537
         70       1238         7971278       1650
         70       1238         7516266       1544
         70       1238         7726149       1596
         80       1236         8273966       1707
         80       1238         7882396       1630
         80       1238         7946763       1648
         80       1238         7796055       1596
         80       1236         8162882       1683
         90       1234         8053940       1660
         90       1238         7819135       1609
         90       1238         8010827       1649
         90       1238         7784339       1612
         90       1238         8039071       1645
        100       1238         8404018       1729
        100       1236         8323422       1716
        100       1238         8136632       1676
        100       1236         8240047       1701
        100       1236         8495099       1746