
 Sensibility Analysis parameter: Similar Particle Swarm - First method - Mutation percent

 Problem: ABZ5

 Method : Hybrid Improved Neighborhood (10 cycles)

 with Similar Particle Swarm with the following fixed parameters:

	 Population size: 12
	 Crossover method: 0
	 Mutation method: 0
	 Mutation percentage: 20
	 Maximum number of iterations: 1

 and Parallel Taboo Search with the following fixed parameters:

	 Population size: 12
	 Neighborhood generation method: 0
	 Tenure: 8
	 Maximum number of iterations without upgrade: 10000

 Results:


          0       1236         6692546       1387
          0       1239         6578336       1365
          0       1238         6716616       1438
          0       1238         6747904       1400
          0       1238         6577070       1360
         10       1238         7172900       1473
         10       1238         7023521       1450
         10       1236         6701189       1381
         10       1238         7351526       1529
         10       1238         6762786       1401
         20       1238         7102341       1474
         20       1236         7163713       1474
         20       1236         7338504       1515
         20       1238         7451451       1551
         20       1236         7047990       1448
         30       1238         7236607       1501
         30       1238         7062127       1455
         30       1236         7190130       1479
         30       1236         7031399       1441
         30       1238         7291595       1525
         40       1236         7471256       1545
         40       1238         7041232       1483
         40       1236         7203446       1490
         40       1238         6973663       1426
         40       1236         7712087       1590
         50       1236         7967758       1642
         50       1238         7345387       1529
         50       1236         8163997       1680
         50       1236         7589564       1568
         50       1236         7752889       1603
         60       1238         7495841       1544
         60       1238         7630465       1577
         60       1236         7828896       1612
         60       1236         7858605       1626
         60       1238         8031057       1668
         70       1236         7964710       1658
         70       1236         7727574       1591
         70       1238         8331878       1720
         70       1238         8124906       1694
         70       1236         8014003       1669
         80       1236         8333112       1725
         80       1238         8263517       1714
         80       1236         7878330       1629
         80       1238         8384478       1735
         80       1236         8033864       1657
         90       1236         8150549       1679
         90       1234         8484042       1748
         90       1238         8507333       1761
         90       1238         7852785       1621
         90       1236         8084749       1666
        100       1238         8411719       1733
        100       1238         8119559       1675
        100       1236         8372441       1732
        100       1238         8348937       1720
        100       1238         8425773       1743