
 Sensibility Analysis parameter: Similar Particle Swarm - Second method - Mutation percent

 Problem: ABZ5

 Method : Hybrid Improved Neighborhood (10 cycles)

 with Parallel Taboo Search with the following fixed parameters:

	 Population size: 12
	 Neighborhood generation method: 0
	 Tenure: 8
	 Maximum number of iterations without upgrade: 10000

 and Similar Particle Swarm with the following fixed parameters:

	 Population size: 12
	 Crossover method: 0
	 Mutation method: 0
	 Mutation percentage: 20
	 Maximum number of iterations: 1

 Results:


          0       1238         6405724       1324
          0       1239         6139106       1280
          0       1239         6248683       1297
          0       1238         6395913       1321
          0       1238         6637321       1365
         10       1238         6485893       1333
         10       1238         6558488       1365
         10       1238         6480366       1338
         10       1238         6418232       1324
         10       1238         6638088       1382
         20       1238         6503898       1345
         20       1236         6437365       1324
         20       1238         6653158       1372
         20       1238         6644034       1385
         20       1238         6471328       1335
         30       1238         6772733       1401
         30       1238         6840602       1422
         30       1238         6695015       1379
         30       1239         6816018       1437
         30       1238         6876003       1424
         40       1238         7021951       1456
         40       1236         6618579       1374
         40       1238         6837471       1418
         40       1238         6756378       1410
         40       1238         7053925       1466
         50       1238         6864976       1440
         50       1238         6698716       1393
         50       1238         6680644       1379
         50       1238         6921511       1431
         50       1239         6799794       1408
         60       1238         7053065       1477
         60       1236         6797088       1406
         60       1236         6689688       1393
         60       1238         6871220       1428
         60       1238         6816010       1411
         70       1238         6756306       1397
         70       1238         7129550       1486
         70       1238         7008838       1459
         70       1238         6999438       1451
         70       1238         6944972       1431
         80       1236         7070556       1463
         80       1238         6920583       1429
         80       1238         7257244       1518
         80       1238         7286943       1513
         80       1236         7129220       1475
         90       1238         7197075       1493
         90       1238         7164852       1494
         90       1238         7276176       1514
         90       1238         7070571       1463
         90       1236         7249417       1502
        100       1234         7288346       1506
        100       1236         7589839       1582
        100       1238         7040303       1455
        100       1238         7504042       1564
        100       1238         7359929       1535