
 Sensibility Analysis parameter: Similar Particle Swarm - Second method - Mutation percent

 Problem: ABZ5

 Method : Hybrid Successive Application (10 cycles)

 with Parallel Taboo Search with the following fixed parameters:

	 Population size: 12
	 Neighborhood generation method: 0
	 Tenure: 8
	 Maximum number of iterations without upgrade: 10000

 and Similar Particle Swarm with the following fixed parameters:

	 Population size: 12
	 Crossover method: 0
	 Mutation method: 0
	 Mutation percentage: 20
	 Maximum number of iterations: 1

 Results:


          0       1238         6649786       1378
          0       1238         6567461       1355
          0       1238         6675905       1368
          0       1238         6720220       1385
          0       1238         6647414       1367
         10       1238         6949991       1439
         10       1238         6932935       1424
         10       1238         6980527       1446
         10       1236         6708296       1402
         10       1238         6872471       1425
         20       1236         6777812       1400
         20       1234         6946920       1439
         20       1236         6742363       1381
         20       1238         6860476       1412
         20       1238         7013306       1447
         30       1238         7225744       1494
         30       1238         6930437       1428
         30       1238         6907792       1426
         30       1238         6957986       1423
         30       1238         6986712       1445
         40       1238         7202864       1495
         40       1236         7127296       1472
         40       1236         7229963       1494
         40       1236         7280389       1501
         40       1238         7237842       1486
         50       1236         7371834       1522
         50       1236         7473047       1540
         50       1236         7659424       1580
         50       1236         7246324       1494
         50       1238         7618666       1568
         60       1236         7490905       1541
         60       1238         7417647       1528
         60       1236         7498461       1540
         60       1238         7653198       1582
         60       1236         7575591       1566
         70       1236         7556121       1567
         70       1238         7831153       1611
         70       1238         7521515       1557
         70       1236         7710189       1599
         70       1238         7747079       1596
         80       1238         8054621       1664
         80       1236         7887300       1631
         80       1238         7897499       1630
         80       1238         7839588       1623
         80       1236         7616402       1571
         90       1236         7964036       1643
         90       1238         7787577       1600
         90       1238         7601605       1570
         90       1236         7805346       1615
         90       1238         7953381       1635
        100       1236         8259671       1702
        100       1238         8329264       1711
        100       1238         8600394       1763
        100       1238         8138809       1677
        100       1236         8300399       1707